0.00879204	0.45732264	0.239271508	0.202922307	0.007668522	0.003300786	0.07228473	0.003629039	0.00167202	0.003136409
0.009766434	0.453995824	0.242132119	0.197944616	0.007183379	0.00270035	0.079192763	0.002404776	0.00144066	0.003239078
0.012213732	0.453100029	0.245636131	0.194857612	0.00671369	0.001979056	0.079021014	0.002206267	0.001143944	0.003128526
0.036748084	0.355605581	0.118103207	0.155597994	0.007164874	0.069633935	0.064199258	0.143466954	0.036175376	0.013304738
0.041506273	0.440092666	0.092124727	0.231954079	0.02187343	0.025840326	0.059650491	0.047249696	0.017467992	0.02224032
0.03153062	0.358930369	0.121698619	0.327773026	0.053026721	0.006562307	0.067698536	0.011623551	0.007824898	0.013331355
0.020622417	0.285477785	0.141249513	0.38498164	0.073261303	0.002305267	0.077174827	0.002457003	0.003340301	0.009129945
0.017180235	0.288317251	0.144601877	0.387977417	0.073284891	0.00310971	0.072544668	0.003886526	0.002903508	0.006193917
0.018530021	0.313783927	0.143767492	0.369643567	0.063210098	0.003565719	0.069250653	0.007703514	0.004732083	0.005812926
0.016990897	0.346453263	0.14631101	0.356264291	0.055969071	0.002451184	0.062343465	0.004537084	0.00315196	0.005527774
0.013296335	0.365478363	0.146968531	0.343115888	0.050556235	0.002498572	0.065000601	0.004400559	0.002772958	0.005911958
0.013390527	0.38060849	0.150009663	0.328160404	0.044089736	0.002686994	0.065467682	0.006742246	0.003059745	0.005784514
0.014784219	0.393187444	0.153791276	0.320944504	0.039543561	0.002323321	0.063983606	0.00347894	0.002303064	0.005660067
0.016031173	0.406905128	0.159023473	0.313762392	0.035223559	0.002289423	0.056373481	0.003179892	0.002065692	0.005145787
0.018075722	0.42018026	0.162578705	0.307938771	0.031147446	0.002082467	0.048774075	0.002899135	0.001811083	0.004512336
0.019302335	0.434009361	0.164926611	0.301378752	0.028053405	0.002001185	0.042053465	0.002643965	0.001626	0.004004922
0.058039304	0.436475247	0.033427792	0.229537944	0.022948559	0.056236491	0.026506385	0.09176491	0.032151388	0.012911981
0.043194611	0.368842339	0.007523598	0.329921611	0.072647014	0.044938011	0.028230493	0.049487272	0.036877039	0.018338012
0.03680304	0.155793748	0.011059832	0.543186063	0.108061717	0.044173016	0.026456043	0.033424075	0.026643627	0.014398839
0.005483935	0.06239998	0.015040096	0.725999934	0.127592277	0.016264836	0.0172534	0.013970421	0.007338374	0.008656748
0.007471814	0.068963273	0.019370099	0.72111479	0.124862695	0.015442374	0.01164103	0.018513639	0.005047128	0.007573159
0.007005447	0.070398536	0.037257164	0.691522913	0.130854133	0.017153434	0.007791949	0.024525459	0.004664797	0.008826169
0.016363731	0.183767064	0.407221136	0.171777295	0.113567455	0.024688584	0.0042384	0.051974076	0.00706797	0.019334289
0.053955762	0.140506749	0.628309739	0.065936701	0.081552977	0.004490947	0.001469474	0.011564756	0.002236513	0.009976382
0.077448025	0.4717475	0.320702842	0.052875492	0.054385002	0.004090407	0.000332212	0.010507975	0.001078596	0.006831949
0.091939532	0.622717025	0.120821466	0.084767619	0.061626902	0.0038689	0.000290714	0.00569077	0.001513104	0.006763967
0.079403415	0.707237219	0.014558905	0.14612123	0.039204727	0.003702278	0.000280507	0.005007421	0.001083536	0.003400762
0.060603881	0.582263237	0.002458326	0.293035313	0.051618213	0.003064855	0.000474107	0.003080229	0.001174964	0.002226875
0.037936551	0.370333331	0.046200329	0.479814218	0.057552333	0.002639036	0.000721563	0.002131359	0.001523505	0.001147775
0.017234859	0.189511126	0.107691634	0.619763278	0.0600227	0.002037113	0.000726202	0.000949114	0.001408339	0.000655634
0.012762172	0.133329137	0.153412632	0.645562132	0.049589933	0.001914428	0.000860446	0.000570709	0.001552502	0.00044591
0.013993716	0.152358339	0.174070416	0.613962375	0.040992745	0.001571291	0.000820613	0.000496665	0.001380489	0.000353351
0.01978323	0.196395924	0.175434649	0.568967432	0.034434868	0.001789003	0.00094629	0.000722993	0.001265884	0.000259729
0.148197269	0.47559556	0.241448735	0.055124737	0.062201655	0.003663634	0.00188335	0.005299774	0.003449455	0.003135833
0.022006005	0.052999333	0.745616596	0.064436986	0.077329673	0.005491101	0.006598635	0.009689797	0.002576045	0.013255829
0.080599095	0.223425257	0.524703009	0.056938596	0.089492892	0.007114016	0.003564187	0.009640455	0.001039186	0.003483307
0.019939808	0.147607611	0.645140597	0.080604734	0.091956707	0.002515103	0.001423915	0.00638449	0.001255056	0.003171979
0.082589169	0.262496627	0.375418264	0.149114173	0.113891621	0.003219937	0.00250426	0.005944219	0.001922657	0.002899074
0.059573079	0.240957345	0.151652533	0.418048248	0.114847185	0.003959915	0.002400914	0.004338311	0.002878455	0.001344015
0.029808089	0.060422915	0.769403831	0.082008329	0.042271316	0.002336459	0.000999966	0.006362123	0.002129324	0.00425765
0.052786805	0.093687827	0.642312095	0.151842684	0.042705817	0.003401752	0.003414079	0.00275937	0.002337892	0.00475168
0.014371775	0.013315846	0.717447703	0.235160653	0.012454755	0.00105182	0.000414044	0.002358707	0.000879375	0.002545322
0.03525309	0.11488211	0.593815512	0.238953307	0.009727154	0.001731833	0.00071093	0.001710104	0.001364042	0.001851918
0.111267569	0.297047582	0.443056833	0.125463518	0.01647574	0.001615652	0.000452874	0.001808083	0.000582484	0.002229664
0.093631621	0.553372497	0.16290613	0.157829176	0.022994315	0.001879934	0.001840016	0.001534027	0.001455709	0.002556576
0.047350102	0.247771912	0.197347205	0.477115765	0.022981871	0.001214508	0.001852672	0.000919001	0.001604585	0.001842379
0.015861852	0.071345901	0.277572098	0.611862504	0.016192465	0.001134401	0.001210259	0.002047	0.001576421	0.0011971
0.009316687	0.043293852	0.305526969	0.623974498	0.012163848	0.000800845	0.000897949	0.001947246	0.001199179	0.000878927
0.010549826	0.061178662	0.32431482	0.588367386	0.009285908	0.000917678	0.001109954	0.002047345	0.0015884	0.000640022
0.014326158	0.097348121	0.322201035	0.552940222	0.007754706	0.000701729	0.001025515	0.001689472	0.001349036	0.000664005
0.019415316	0.141666157	0.318718606	0.507987884	0.006853261	0.000682939	0.001162017	0.001548399	0.001420848	0.000544573
0.029623767	0.193385784	0.306131863	0.460696944	0.005879844	0.000618188	0.00104979	0.001101696	0.00099616	0.000515964
0.029609981	0.233088081	0.303390853	0.424013357	0.005502678	0.000591241	0.001165109	0.001154859	0.001030981	0.00045286
0.149755697	0.471646354	0.107702666	0.258765226	0.006237878	0.001141376	0.001764279	0.002086797	0.000453741	0.000445988
0.04541064	0.449327818	0.12983125	0.345936831	0.012325261	0.003558483	0.001328626	0.011183379	0.000728844	0.000368868
0.075630834	0.511358996	0.069606343	0.308994724	0.018422792	0.002372637	0.001268905	0.011227298	0.000423226	0.000694244
0.112474423	0.599898177	0.015515978	0.205296371	0.036089954	0.005225253	0.001862076	0.021828241	0.00118071	0.000628816
0.03848631	0.168255179	0.610644211	0.141046956	0.014618743	0.003163555	0.002113206	0.014761965	0.00438767	0.002522205
0.030334207	0.079345268	0.57035641	0.281444996	0.017485879	0.001597439	0.001989151	0.009831619	0.004525673	0.003089358
0.168517321	0.235012308	0.375800064	0.170204538	0.02619761	0.004440714	0.00303562	0.013934583	0.000859395	0.001997846
0.167161145	0.314623687	0.166809997	0.287964715	0.038880529	0.001034941	0.004268715	0.011931643	0.004974023	0.002350605
0.039729972	0.071326065	0.26539732	0.582107609	0.025603958	0.001166008	0.001989039	0.006787263	0.004565295	0.00132747
0.017124799	0.0630495	0.310674045	0.58400581	0.014290672	0.001095085	0.001864444	0.003691167	0.00330179	0.000902687
0.011422677	0.107537987	0.31365829	0.549096915	0.009500473	0.000865454	0.0020169	0.003082586	0.002002747	0.000815971
0.21138549	0.540017161	0.007660472	0.199459517	0.012245438	0.005807662	0.004653592	0.016508798	0.001238631	0.001023238
0.045773204	0.363104416	0.090350492	0.305626884	0.052998858	0.030645007	0.007523254	0.095671295	0.00505634	0.003250249
0.024414742	0.058351339	0.062393992	0.545726116	0.125971272	0.045378314	0.007624982	0.114658398	0.006617323	0.008863522
0.014508181	0.06610575	0.091555689	0.690272066	0.072773147	0.013576393	0.001360849	0.044899149	0.002614111	0.002334665
0.011275475	0.099628503	0.206305366	0.627518199	0.029355837	0.004422154	0.001042774	0.015976485	0.003475573	0.000999633
0.013159821	0.151898756	0.247877699	0.563260099	0.014783675	0.001279823	0.000809175	0.003139536	0.003065348	0.000726067
0.015489848	0.18248246	0.26799108	0.517220355	0.009468725	0.000929086	0.001175431	0.001977291	0.002569748	0.000695977
0.020808603	0.219096096	0.270672582	0.476602775	0.006841357	0.000717359	0.001158184	0.001621282	0.001824536	0.000657225
0.018381079	0.226984605	0.286169102	0.454627931	0.006108029	0.000875813	0.002026241	0.002063514	0.002055396	0.000708291
0.03343353	0.323863827	0.540024446	0.08034443	0.000939775	0.003007022	0.002404456	0.008094846	0.003324194	0.004563474
0.088187633	0.207603038	0.511072667	0.180744417	0.000868181	0.00238699	0.000224505	0.005939093	0.002342599	0.000630877
0.121522018	0.57632623	0.247754451	0.046640294	0.001840441	0.000272928	0.000590294	0.001658368	0.001262658	0.002132318
0.076484515	0.871422323	0.028254585	0.018222625	0.001043516	0.0003806	0.000466413	0.001844935	0.000799788	0.001080701
0.074732391	0.783487256	0.022815504	0.110813924	0.003145055	0.001042729	0.000460723	0.001166665	0.001003277	0.001332475
0.045848442	0.486457858	0.168559249	0.291516813	0.00294271	0.001177251	0.000701329	0.000490247	0.001353526	0.000952574
0.051576751	0.247443297	0.326524063	0.365065092	0.002773672	0.001871704	0.001968908	0.000494995	0.001320132	0.000961387
0.04743064	0.192734257	0.392526061	0.355190643	0.001952061	0.001841317	0.005019961	0.000894302	0.001762137	0.000648621
0.016639976	0.139979527	0.398899126	0.420882568	0.003061485	0.003774046	0.009152917	0.003311109	0.003575711	0.000723534
0.146147393	0.465642104	0.077066802	0.266091751	0.007732268	0.009119191	0.007752696	0.013437558	0.006003773	0.001006462
0.05293245	0.379708519	0.092796923	0.390762802	0.020905913	0.018950698	0.005604648	0.026925255	0.009863033	0.001549758
0.017287519	0.212542682	0.164092191	0.517418672	0.031578784	0.019624874	0.008435101	0.017152751	0.009970353	0.001897072
0.031013603	0.199630986	0.190522208	0.51866638	0.0304473	0.006890421	0.011055172	0.005356107	0.00465508	0.001762742
0.022442846	0.21154244	0.232894215	0.483263062	0.02332413	0.002417859	0.01779794	0.001604312	0.002492675	0.002220521
0.02474209	0.235216674	0.251176823	0.439885252	0.017650241	0.001709121	0.023507273	0.00221944	0.001744084	0.002149003
0.022684232	0.254553264	0.262772865	0.40309102	0.01379132	0.001571011	0.034304005	0.002998707	0.001441608	0.002791968
0.01887316	0.27393619	0.268544203	0.376739439	0.011774962	0.001598575	0.041505394	0.003537464	0.001347235	0.002143378
0.010232263	0.296332258	0.268010935	0.358139089	0.010484517	0.001076831	0.04948126	0.002860293	0.001185766	0.002196789
0.023273568	0.349825138	0.174174836	0.363102897	0.015139188	0.003080652	0.049545946	0.014796099	0.003943015	0.003118659
0.013853355	0.355969481	0.208461609	0.356811564	0.015577865	0.000832944	0.0424297	0.001968506	0.001389481	0.002705496
0.011304761	0.343939985	0.238511126	0.337411641	0.014781088	0.001101381	0.04557398	0.003051784	0.001266864	0.003057389
0.011079322	0.34807767	0.248197829	0.316981543	0.014165581	0.001574205	0.051423004	0.003920267	0.001273234	0.003307346
0.009421488	0.35231029	0.25417935	0.297024582	0.013000894	0.001670588	0.063136855	0.004278248	0.001289891	0.003687813
0.008890815	0.35628755	0.256127828	0.279641071	0.011572836	0.00215478	0.074984193	0.004883479	0.001374584	0.004082864
0.008332082	0.373994965	0.250304638	0.267632917	0.010622842	0.001945699	0.079041432	0.004039413	0.001340311	0.002745702
0.007162387	0.370731082	0.259464923	0.258260275	0.009108818	0.001737221	0.083698887	0.00452763	0.00130687	0.004001909
0.008416987	0.379065165	0.258374131	0.246345474	0.008662445	0.002751197	0.086211658	0.005490377	0.001509368	0.003173197
0.008036674	0.383901917	0.259524942	0.238007332	0.007903607	0.002603211	0.089869289	0.005534673	0.001542257	0.003076099
0.007398734	0.380172669	0.259952662	0.227112374	0.007157259	0.002865661	0.103327014	0.006081082	0.001686742	0.004245803
0.008276444	0.372700816	0.253687376	0.211890334	0.006476041	0.004137544	0.126216006	0.007957841	0.00217683	0.006480768
0.009383474	0.358676213	0.245003258	0.196418145	0.006017601	0.005754818	0.158215954	0.010012866	0.002926648	0.007591024
0.010096548	0.3438356	0.240937827	0.183649994	0.00556061	0.007372877	0.18539842	0.011658869	0.003533523	0.007955731
0.010421645	0.331872211	0.238440429	0.176059624	0.005195957	0.007855879	0.205821018	0.012898381	0.003755439	0.007679417
0.010559264	0.325963551	0.23797952	0.169170374	0.004918391	0.00837086	0.217901859	0.013619499	0.003919174	0.007597508
0.010260081	0.323425499	0.237436314	0.164882046	0.004725736	0.008469153	0.225523935	0.013964581	0.003928967	0.007383689
0.011373734	0.314810938	0.225948141	0.153211802	0.004316709	0.009175968	0.251499788	0.01543723	0.004259533	0.009966158
0.008085015	0.319313787	0.221309718	0.147092585	0.004442528	0.010630611	0.264801839	0.013068053	0.004180577	0.007075287
0.00742636	0.325519432	0.237519709	0.154511034	0.004369798	0.008085247	0.239650471	0.012757806	0.003437592	0.00672255
0.009891847	0.324687422	0.22832059	0.149934169	0.004161968	0.00815788	0.246655505	0.014986228	0.003748568	0.009455823
0.009146103	0.331769329	0.231352145	0.146296667	0.004099422	0.008929213	0.24303774	0.01451958	0.004048764	0.006801037
0.00792734	0.335768326	0.234729442	0.145144856	0.003959182	0.008009378	0.239599343	0.013860879	0.003734934	0.007266321
0.00842831	0.340597845	0.230615126	0.143070892	0.003794284	0.008037102	0.239558031	0.014428249	0.00382723	0.007642931
0.00968568	0.330410691	0.211678862	0.131356563	0.003534404	0.009720605	0.271551082	0.016543947	0.004519385	0.010998783
0.005757587	0.317449151	0.14342621	0.106209433	0.006306677	0.008913807	0.377901148	0.005102589	0.00332868	0.025604719
0.004364122	0.274634897	0.086857662	0.125182784	0.015943475	0.005903896	0.422774108	0.003603686	0.002781248	0.057954122
0.006147928	0.192737259	0.04852843	0.150177918	0.036166403	0.002930815	0.463680715	0.020400104	0.005922079	0.073308349
0.009481045	0.132743565	0.085446228	0.212663196	0.062653365	0.007240201	0.456694567	0.003745961	0.004058683	0.025273189
0.01169203	0.127001325	0.115769574	0.248177633	0.067718926	0.008781412	0.392657305	0.010096457	0.004593153	0.013512184
0.011641033	0.133756734	0.114363126	0.235725767	0.059760821	0.008431759	0.401492341	0.014506873	0.004297575	0.016023971
0.013671132	0.152187705	0.113285	0.221261855	0.050393582	0.010529665	0.39885858	0.01811266	0.004543912	0.017155907
0.003511896	0.126440874	0.006778612	0.188328627	0.065635885	0.016152599	0.43397644	0.0696323	0.017909367	0.071633399
0.003350519	0.065366405	0.047339052	0.297310122	0.118701404	0.01201668	0.350276942	0.028447873	0.013561922	0.063629081
0.023994995	0.010671531	0.018513581	0.511519245	0.134691585	0.001048881	0.276098202	0.001517114	0.001831665	0.020113201
0.008344298	0.024542774	0.134078252	0.437934473	0.16856309	0.009004862	0.167533286	0.013941908	0.005226818	0.03083024
0.037299977	0.03698681	0.085825791	0.559377388	0.163461301	0.001863919	0.093109905	0.002428575	0.001316762	0.018329571
0.012100189	0.020437688	0.119875233	0.50738576	0.173312148	0.015918015	0.088649263	0.023616507	0.006116112	0.032589085
0.042349201	0.055271643	0.06913092	0.587791426	0.167140641	0.002481224	0.056015721	0.003700196	0.00079907	0.015319957
0.053573826	0.056863909	0.031182019	0.625044002	0.172407719	0.00054497	0.047551686	0.000922229	0.000134699	0.01177494
0.055182769	0.058333721	0.012416893	0.637048726	0.168377526	8.17516E-05	0.052741674	0.00056635	0.000160065	0.015090525
0.016476609	0.011654543	0.021826438	0.640970609	0.183764415	0.005062528	0.077648028	0.019261324	0.002686098	0.020649407
0.022900939	0.014044468	0.008227912	0.657935373	0.190548639	0.000494426	0.081738939	0.002801368	0.000842023	0.020465914
0.029489479	0.020770188	0.00608135	0.657487074	0.185203267	0.000586098	0.081702668	0.001558566	0.000802342	0.016318969
0.024127992	0.029825609	0.010712342	0.645341098	0.179341531	0.00095071	0.090187413	0.002090942	0.000945267	0.016477097
0.012672289	0.046711985	0.016497087	0.630430614	0.175941688	0.000833035	0.097704793	0.002358625	0.001081477	0.015768406
0.006067963	0.075564208	0.016294147	0.609810458	0.167558978	0.001375176	0.10018881	0.006120445	0.001931193	0.015088623
0.008304497	0.097438208	0.027065442	0.598746472	0.158018408	0.000712877	0.091989447	0.002398156	0.001285416	0.014041076
0.011096616	0.111273141	0.037546919	0.572003779	0.142274873	0.001499282	0.104622003	0.002761213	0.001271782	0.015650391
0.012450999	0.123572966	0.043741419	0.540158339	0.127368521	0.002763841	0.1271609	0.003216469	0.001337993	0.018228553
0.012736456	0.135403272	0.050318914	0.508625797	0.114687447	0.003642507	0.152493129	0.003943396	0.001492831	0.016656249
0.013538809	0.140874099	0.053825099	0.472260231	0.101138984	0.00452967	0.186975215	0.004970574	0.001679281	0.020208037
0.016695329	0.140287397	0.054006784	0.435575829	0.089211612	0.006723859	0.22682494	0.006849805	0.002125679	0.021698765
0.019637355	0.133300413	0.052518943	0.388809867	0.076262854	0.008823264	0.283350469	0.009266	0.002748734	0.025282101
0.01688848	0.119411322	0.034077915	0.336372329	0.070817642	0.008439862	0.370057524	0.005633783	0.00254465	0.035756492
0.012638715	0.107468918	0.026642133	0.327381279	0.079122127	0.005782827	0.400564935	0.003370033	0.00214187	0.034887163
0.01214154	0.108381116	0.042333374	0.349669569	0.088295098	0.006481753	0.359245443	0.007040547	0.002415904	0.023995656
0.005886641	0.125082687	0.035378445	0.366599392	0.103392856	0.002328309	0.327931752	0.003641085	0.001914642	0.027844191
0.005379698	0.133900663	0.033778936	0.39122007	0.116681921	0.001377283	0.287573389	0.002911352	0.002050197	0.02512649
0.011582212	0.117256297	0.041205675	0.377064338	0.109892817	0.004382158	0.305260909	0.006073207	0.002297251	0.024985134
0.014344673	0.11954703	0.043805988	0.354024267	0.102070037	0.008300405	0.323289167	0.009496825	0.002738612	0.022382994
0.010461194	0.127317495	0.044492042	0.321545529	0.093544115	0.006636662	0.36371931	0.007246792	0.002519937	0.022516923
0.003621522	0.144896847	0.199137509	0.178315642	0.134251276	0.046765031	0.112191528	0.075780348	0.02045086	0.084589436
0.033484959	0.082403039	0.356074905	0.316072108	0.12628862	0.012848363	0.023072414	0.017097208	0.005359911	0.027298473
0.075350468	0.298557305	0.13275999	0.344342428	0.113120234	0.00282875	0.004165247	0.008648378	0.000646061	0.019581139
0.076404244	0.38105725	0.03642482	0.376203756	0.114640586	0.00060503	0.004225954	0.001363729	0.000136211	0.008938419
0.0330165	0.164620038	0.128943605	0.443886147	0.17886467	0.009321063	0.010295258	0.011454324	0.002292578	0.017305816
0.031347278	0.226278815	0.044063607	0.483878218	0.156655906	0.012914447	0.009580946	0.015024316	0.003546503	0.016709965
0.024751598	0.134393842	0.054641544	0.528989509	0.177682953	0.020479531	0.012019612	0.021771391	0.006054736	0.019215284
0.079536575	0.031776694	0.628940619	0.037856487	0.138549295	0.017995319	0.005034008	0.029893121	0.006137296	0.024280585
0.065808983	0.365588431	0.355887829	0.065547422	0.087845808	0.014404787	0.002149547	0.017506664	0.003342085	0.021918445
0.073064315	0.306663072	0.468548719	0.012609071	0.087159782	0.012069261	0.001766956	0.013993904	0.00347044	0.020654481
0.13593716	0.252383414	0.54587557	0.001834155	0.041104547	0.006095726	0.000577945	0.00646011	0.001486407	0.008244966
0.064519088	0.381513248	0.436419314	0.023294183	0.067199916	0.006124906	0.000923684	0.006593999	0.001345326	0.012066335
0.062693943	0.809896245	0.021542228	0.070094007	0.02563937	0.003742764	0.00115538	0.001754251	0.000791636	0.002690175
0.084952258	0.652344762	0.032171771	0.191540571	0.021801871	0.006295277	0.002903405	0.003060281	0.001247029	0.003682774
0.016711806	0.206699357	0.071435948	0.504739942	0.137284948	0.020785972	0.018021855	0.014163708	0.007363261	0.002793202
0.011163202	0.258527751	0.03368294	0.538856464	0.076272075	0.030119076	0.008248186	0.021622937	0.007062254	0.014445115
0.083943364	0.272493928	0.101584103	0.450366664	0.056864294	0.013091256	0.010736696	0.005423701	0.002791199	0.002704794
0.024797431	0.385533705	0.291427006	0.144758917	0.107072401	0.014961044	0.006538102	0.013624112	0.007362276	0.003925007
0.058393712	0.068467191	0.699118268	0.070247576	0.081412326	0.008269959	0.001358248	0.006908569	0.002362752	0.003461399
0.116749817	0.195206715	0.395464757	0.175162256	0.092797175	0.008145513	0.000682192	0.007571988	0.002599687	0.0056199
0.17864469	0.029090674	0.735362316	0.007962218	0.038866234	0.003799386	0.000588649	0.00363355	0.001091146	0.000961137
0.261712264	0.066085965	0.616142987	0.03240646	0.017070457	0.001757632	0.000653388	0.002657218	0.000955245	0.000558384
0.41836039	0.202959283	0.34925348	0.013664414	0.011615205	0.001095877	0.001033928	0.001330359	0.00053521	0.000151855
0.09688186	0.80889848	0.072023106	0.014592761	0.004835898	0.000712577	0.000510388	0.000309658	0.000517891	0.000717383
0.070163906	0.505284016	0.290542475	0.092452957	0.014604746	0.006755554	0.003715346	0.005538831	0.005312256	0.005629913
0.077997247	0.651588611	0.002406158	0.224317481	0.016214883	0.00617591	0.004308151	0.00712921	0.002913009	0.006949339
0.017199994	0.562651638	0.190643783	0.220692388	0.001558216	0.00170513	0.003523411	0.000445773	0.000517489	0.001062178
0.014050581	0.35208066	0.388007963	0.236301656	0.000950928	0.001984965	0.004779591	0.000634776	0.00055965	0.000649231
0.013287736	0.303554557	0.448866938	0.226349365	0.000427022	0.000812791	0.005607971	0.000512634	0.000314055	0.000266931
0.012208604	0.290959278	0.464889217	0.221561506	0.000473177	0.000769335	0.007854011	0.000674644	0.000251356	0.000358871
0.014159707	0.283618857	0.481564693	0.206273416	0.000374031	0.000945091	0.011209323	0.001203869	0.000285228	0.000365786
0.010381215	0.288833253	0.476787246	0.204623298	0.000547454	0.00095965	0.015643176	0.001544947	0.000323764	0.000355996
0.144588702	0.349687408	0.215056137	0.214975863	0.010005202	0.010478434	0.027577568	0.012615342	0.008080438	0.006934907
0.034448379	0.242646153	0.237611662	0.375530502	0.031196592	0.016935521	0.020216181	0.016642172	0.008454197	0.01631864
0.082195672	0.258710543	0.140959484	0.394103849	0.044935407	0.015334175	0.023242897	0.016698632	0.009513567	0.014305774
0.049562338	0.210325768	0.07654173	0.514685241	0.071792899	0.018740388	0.020645023	0.016382653	0.008580267	0.012743694
0.010444215	0.206516035	0.124065132	0.545816164	0.059586212	0.011808224	0.017930732	0.009396999	0.003559002	0.010877285
0.006630275	0.223674457	0.153158883	0.521904387	0.051142671	0.00727474	0.020722233	0.005296859	0.002203508	0.007991986
0.010877075	0.225652928	0.221540666	0.474846247	0.036272663	0.001527703	0.022123272	0.001340474	0.000795008	0.005023964
0.009290006	0.229157878	0.269341214	0.430198645	0.026554828	0.001023201	0.027985014	0.001540738	0.000620949	0.004287527
0.011189504	0.236950839	0.295379716	0.393317071	0.020400614	0.0011232	0.035015349	0.002636261	0.000601861	0.003385585
0.006278311	0.248567203	0.309850903	0.362759093	0.017347448	0.001221575	0.046625986	0.002645958	0.00069978	0.004003743
0.011919804	0.260454045	0.275185892	0.351653339	0.020139794	0.001605822	0.068145779	0.003538206	0.001530932	0.005826387
0.047542876	0.375375959	0.01357458	0.361050162	0.091590247	0.014519691	0.041814237	0.02351891	0.009146529	0.02186681
0.002913006	0.026638052	0.020038236	0.747521091	0.143043222	0.010957025	0.019396042	0.010691163	0.004287139	0.014515022
0.012961008	0.081071566	0.003704746	0.733082934	0.140988487	0.002396073	0.009257188	0.004715533	0.000776578	0.011045887
0.024441679	0.175212248	0.011179649	0.657029565	0.113160344	0.000940037	0.008899265	0.001451066	0.00043039	0.007255755
0.041759032	0.185490566	0.062540168	0.608351225	0.081340846	0.000545971	0.013739364	0.000841752	0.000355371	0.005035704
0.035784114	0.163026711	0.1182559	0.588383022	0.066167914	0.000820611	0.021475724	0.00136094	0.000502155	0.004222909
0.026436221	0.151649477	0.171474288	0.557511891	0.05206469	0.001034115	0.033133159	0.002041787	0.000688778	0.003965595
0.022196939	0.157936482	0.203019286	0.520211935	0.042738522	0.001472021	0.045216107	0.0027776	0.000786652	0.003644454
0.018022727	0.173383769	0.224930746	0.479253115	0.035695389	0.001720239	0.058604821	0.003479645	0.000852157	0.004057392
0.017888344	0.191351818	0.2353038	0.441856332	0.03032122	0.002309082	0.07175248	0.004290289	0.0009199	0.004006737
0.015720315	0.20606507	0.245393975	0.405330003	0.026076465	0.002518429	0.087966758	0.004951419	0.000961404	0.005016163
0.0168025	0.220095377	0.24705145	0.37449153	0.0230073	0.003154397	0.103455178	0.005952863	0.001081135	0.00490827
0.016652129	0.228864487	0.247631217	0.344860264	0.020345196	0.003687495	0.123448656	0.007145678	0.001242176	0.006122703
0.017169763	0.235342954	0.246276813	0.319683039	0.01831221	0.004472432	0.142509964	0.008317857	0.001525364	0.006389604
0.010215855	0.238336964	0.237257009	0.299748884	0.018488889	0.004964437	0.174157803	0.008255504	0.001574066	0.007000588
0.004437537	0.241932021	0.213709939	0.294971591	0.021936607	0.004255953	0.196342507	0.003947245	0.00132273	0.01714387
0.007409776	0.251237518	0.237312783	0.304068083	0.021142904	0.003658731	0.159671362	0.006245338	0.001033999	0.008219507
0.008434151	0.255997893	0.24780417	0.289102597	0.018734704	0.003694344	0.15901718	0.007557982	0.001114069	0.008542911
0.003745715	0.241253425	0.069784815	0.275524475	0.170178134	0.019073667	0.085941206	0.038800984	0.009122194	0.086575385
0.018044219	0.037307273	0.10434201	0.549500599	0.168246483	0.007039621	0.047593174	0.008429191	0.003409925	0.056087507
0.045222687	0.105741162	0.012500454	0.614969049	0.166848783	0.000835668	0.014466041	0.003379465	0.000407906	0.035628785
0.020166222	0.092981362	0.002588727	0.661925018	0.182635976	0.000913017	0.013997403	0.001946926	0.000497141	0.022348208
0.036592809	0.068394459	0.003347242	0.665991189	0.194775254	0.000702326	0.013438813	0.001393672	0.000448939	0.014915297
0.004633482	0.01264746	0.096044442	0.5431542	0.23336969	0.020507419	0.023534216	0.026136936	0.00646153	0.033510625
0.013083488	0.031245976	0.116781686	0.530386388	0.184078356	0.032317778	0.016012398	0.031987755	0.008293128	0.035813047
0.042410246	0.015225694	0.397099291	0.241841863	0.218429525	0.017773717	0.011608288	0.024185524	0.004749614	0.026676238
0.022073184	0.214984923	0.207260199	0.344188494	0.150747433	0.015847473	0.00553759	0.015644287	0.002792919	0.020923499
0.07984434	0.326986641	0.036029884	0.388609976	0.132356387	0.009248642	0.004819973	0.008124567	0.001901892	0.012077699
0.033818445	0.312773813	0.022422777	0.514046474	0.092656089	0.007245096	0.004649967	0.00498837	0.001393335	0.006005633
0.041976192	0.211953494	0.104362658	0.555979166	0.073408668	0.001952474	0.006566086	0.000981661	0.000595283	0.002224317
0.028462845	0.152439705	0.183074312	0.566577209	0.054663487	0.001002938	0.010664594	0.000706887	0.000580198	0.001827825
0.015420981	0.107581733	0.197901784	0.596533377	0.057986749	0.000765267	0.020370229	0.000787071	0.000737409	0.001915401
0.014983409	0.127736164	0.236788953	0.542798844	0.043985625	0.000832368	0.02861952	0.001181366	0.000673263	0.002400488
0.009794501	0.141977462	0.231583643	0.526306265	0.044930825	0.001069173	0.039965021	0.001448264	0.000852577	0.002072269
0.007505559	0.166439301	0.245124144	0.487629446	0.038029642	0.000961982	0.049157004	0.001407307	0.000828308	0.002917307
0.007237985	0.187266151	0.229556464	0.473148946	0.038997619	0.00111758	0.057408681	0.001710951	0.000781355	0.002774268
0.009321548	0.199459641	0.246068871	0.436747873	0.033050032	0.001528398	0.066672108	0.002851381	0.000674151	0.003625998
0.010309809	0.212102809	0.250096697	0.407743771	0.030501049	0.001999808	0.079231303	0.003626919	0.000691854	0.003695979
0.019928222	0.5254405	0.120246085	0.140530375	0.093740533	0.016578942	0.03289313	0.026056274	0.006014506	0.018571433
0.020464395	0.036762759	0.253161485	0.449704655	0.137250962	0.026685894	0.018531541	0.025237318	0.007006593	0.025194398
0.030722277	0.03234719	0.334245924	0.339560725	0.192727019	0.015034139	0.009567499	0.01692204	0.003233272	0.025639914
0.03607788	0.258844286	0.16860495	0.356373553	0.1320831	0.011227819	0.005467814	0.010961094	0.001827675	0.018531829
0.073339013	0.325077953	0.005556668	0.455104721	0.108064019	0.007292366	0.003860891	0.006860238	0.00130489	0.013539239
0.028254618	0.240809691	0.043831062	0.576606144	0.092681654	0.003743117	0.005362089	0.00245145	0.001023998	0.005236177
0.127356708	0.173123496	0.575973527	0.019569551	0.084111458	0.00340521	0.003305204	0.005422744	0.001559045	0.006173058
0.055786027	0.345470332	0.398341245	0.107013984	0.078278032	0.002116615	0.000747117	0.004993603	0.000265846	0.0069872
0.078106404	0.286940583	0.502348538	0.027795361	0.086897191	0.003275396	0.000535059	0.004849428	0.000979738	0.008272302
0.025590009	0.51325861	0.338192559	0.032061979	0.072208408	0.004363353	0.000789066	0.004489067	0.000810088	0.008236859
0.077164382	0.687864447	0.032237509	0.124448076	0.057580333	0.006883132	0.001051188	0.004884345	0.001278867	0.006607721
0.016822456	0.529950216	0.109246311	0.304686338	0.028568561	0.003328479	0.001806511	0.001705923	0.000744516	0.00314069
0.076097595	0.318097638	0.257457152	0.322062058	0.01694747	0.001760497	0.00536693	0.000625335	0.000405624	0.001179701
0.03745811	0.156263063	0.315121299	0.440946755	0.025469958	0.005816143	0.011419042	0.003652656	0.002783323	0.001069651
0.016966697	0.17303022	0.38035173	0.395306451	0.017991894	0.003014073	0.009468827	0.001590909	0.001476333	0.000802866
0.012450592	0.195245128	0.397685577	0.363590629	0.013921314	0.001871071	0.011851937	0.001356895	0.001094413	0.000932445
0.023069132	0.21269622	0.399091842	0.332192252	0.010481387	0.001475599	0.017340903	0.001743204	0.000916133	0.000993328
0.013551961	0.231411369	0.401313359	0.316939538	0.008749162	0.00125433	0.022888673	0.002071435	0.000779577	0.001040595
0.015791035	0.25083784	0.39494155	0.293508595	0.007127625	0.001546673	0.031269224	0.00268209	0.000656677	0.00163869
0.016294512	0.266156641	0.386885059	0.27374366	0.006498726	0.001766779	0.042542396	0.003570454	0.000650465	0.001891308
0.014736194	0.278760028	0.380195542	0.257703774	0.005959573	0.002034811	0.053597317	0.004610471	0.00073246	0.00166983
0.011997777	0.289361742	0.375467744	0.248742857	0.005763495	0.001931275	0.059432641	0.004995544	0.000672247	0.001634677
0.012425446	0.296167857	0.369670222	0.235472805	0.005278225	0.002147182	0.069988542	0.005601837	0.000750417	0.002497468
0.005618162	0.312905219	0.344652265	0.233396531	0.007003303	0.002018541	0.087338074	0.003974414	0.000829669	0.002263822
0.006599702	0.316492701	0.34911363	0.232015528	0.006877501	0.00199051	0.078578372	0.005404553	0.000770237	0.002157267
0.008670328	0.325062164	0.348403442	0.221814046	0.006496961	0.002268934	0.078524298	0.005999598	0.000750413	0.002009815
0.007923621	0.333413112	0.34611212	0.215154617	0.006311214	0.002416102	0.080096904	0.006086704	0.000719112	0.001766493
0.034268094	0.366099717	0.223154366	0.24245219	0.016365	0.003431178	0.095279824	0.006258703	0.002505899	0.010185029
0.009614646	0.363367047	0.248509345	0.2718854	0.022909084	0.001295607	0.072505091	0.002392819	0.001159873	0.006361088
0.00860518	0.328784919	0.283549591	0.276674958	0.022676882	0.001554429	0.06809113	0.004276775	0.000972166	0.004813969
0.007794836	0.323100454	0.286225346	0.269274486	0.021169935	0.001938137	0.078225206	0.005510953	0.000940901	0.005819746
0.007048241	0.329372046	0.286034715	0.258895777	0.018506772	0.002432706	0.086083622	0.005810866	0.001023728	0.004791528
0.005975458	0.333222094	0.290107844	0.248093195	0.016097382	0.00239105	0.092694841	0.005821781	0.001030944	0.00456541
0.005898942	0.340897138	0.293418811	0.241635642	0.014049132	0.002401971	0.090973853	0.005904714	0.001037924	0.003781873
0.008058389	0.351381111	0.264039611	0.237509435	0.015769683	0.002000548	0.106459918	0.006037347	0.001615101	0.007128856
0.028349047	0.369416215	0.0916072	0.250175402	0.033769189	0.025254619	0.101641448	0.052065999	0.017745527	0.029975354
0.018126803	0.390464976	0.15597042	0.152366687	0.114937802	0.027806414	0.042195773	0.042928385	0.01435902	0.040843718
0.068441418	0.138743847	0.480874947	0.114942087	0.131800526	0.012543525	0.011344496	0.016917872	0.003980691	0.020410589
0.058767344	0.21755758	0.340770426	0.212065834	0.131091933	0.005425565	0.002216916	0.010603664	0.001276822	0.020223918
0.058141697	0.466571152	0.055143383	0.283913212	0.10111031	0.005959076	0.001005817	0.007953326	0.00137565	0.018826377
0.071626965	0.484821234	0.001179651	0.344581176	0.076120799	0.003776926	0.001552242	0.004282817	0.000970936	0.011087255
0.042783016	0.334605492	0.065821068	0.478928264	0.065748133	0.002076101	0.003397562	0.00177189	0.000569753	0.00429872
0.029018892	0.192485998	0.172341351	0.5415219	0.055338765	0.000958691	0.005249082	0.000588416	0.000667041	0.001829866
0.018201581	0.143245625	0.257259127	0.52880558	0.041680198	0.00063999	0.00801575	0.000600308	0.000609341	0.000942501
0.017301544	0.138668052	0.292701683	0.501732462	0.034568189	0.000750272	0.011838613	0.001120914	0.00073221	0.000586061
0.009420744	0.158331165	0.304302766	0.478460526	0.031426851	0.000779521	0.014560937	0.001306814	0.00096291	0.000447766
0.020710701	0.200865977	0.278224583	0.449095424	0.029357712	0.002189773	0.015219362	0.001911464	0.001886568	0.000538436
0.011254507	0.218850762	0.304757885	0.419912387	0.02428197	0.000909299	0.017410077	0.00113554	0.001018579	0.000468993
0.010362608	0.237451838	0.312725833	0.391361777	0.020930913	0.001164225	0.022634922	0.001815067	0.000896315	0.000656502
0.009358181	0.25305248	0.313809669	0.368718338	0.018785086	0.00135579	0.031076652	0.002157197	0.000737471	0.000949136
0.008213065	0.26468006	0.314784202	0.348273986	0.016903844	0.001555675	0.041153187	0.002461885	0.000670339	0.001303757
0.008006012	0.272893092	0.311870454	0.33091183	0.015744932	0.00186143	0.053564474	0.002885377	0.000596828	0.00166557
0.008044047	0.277598305	0.309863045	0.31460045	0.014610534	0.002343074	0.066668531	0.003572074	0.000592907	0.002107032
0.008121315	0.280059176	0.305785857	0.299461902	0.013796887	0.002702103	0.082752772	0.004251437	0.00063252	0.002436033
0.007612259	0.283303984	0.305118898	0.289249271	0.013260219	0.00295947	0.090812245	0.00471604	0.000701404	0.002266209
0.008158734	0.283189032	0.299730697	0.276337058	0.012299356	0.003138099	0.106879803	0.005751327	0.000884893	0.003631001
0.009646972	0.283582021	0.294228859	0.262520997	0.011821508	0.00411325	0.121661449	0.007233989	0.001299802	0.003891154
0.009568258	0.28357691	0.287894289	0.248677073	0.011495699	0.004637972	0.140416634	0.008146048	0.001554258	0.004032859
0.009097235	0.28273635	0.287780182	0.238180679	0.010857694	0.005037111	0.151572419	0.008888748	0.001599991	0.004249592
0.009560398	0.283662786	0.279078441	0.227716944	0.010449272	0.005563348	0.168100372	0.009346499	0.001660106	0.004861835
0.009484567	0.282543464	0.276052863	0.21800363	0.010092719	0.006410941	0.180895141	0.00990631	0.001700996	0.004909369
0.009028737	0.28330815	0.270916414	0.210938338	0.009746984	0.006763566	0.193106383	0.00974961	0.001571837	0.004869981
0.008525429	0.28312136	0.271640856	0.206639362	0.009494368	0.006921945	0.197865882	0.009571629	0.001450586	0.004768583
0.008235656	0.287590893	0.269140348	0.204002848	0.009284631	0.006712556	0.199928843	0.009280794	0.001374663	0.004448768
0.007547213	0.290429677	0.269716381	0.200626893	0.0090346	0.006530217	0.20080145	0.00923035	0.001373685	0.004709534
0.005580681	0.298491504	0.270004635	0.200109474	0.009085045	0.006482411	0.19680347	0.008208122	0.001291029	0.00394363
0.006003691	0.302725906	0.269165845	0.198866137	0.008710002	0.005779957	0.193796508	0.00864854	0.001350637	0.004952777
0.007076795	0.312051371	0.267427926	0.197150749	0.008637291	0.006325089	0.187024676	0.008926476	0.001493577	0.00388605
0.006679458	0.314082598	0.263982765	0.190952554	0.008323798	0.006276304	0.194045917	0.0092047	0.001628674	0.004823234
0.005464799	0.318130858	0.263452724	0.186364162	0.008152167	0.006437893	0.197329913	0.008529387	0.001674154	0.004463943
0.003634298	0.322858388	0.251742221	0.18336962	0.008773046	0.005644114	0.210596129	0.005611123	0.001558056	0.006213005
0.030514861	0.229290952	0.032212973	0.194217235	0.052312297	0.006634991	0.214128926	0.026761237	0.009816339	0.204110189
0.007452321	0.148909085	0.041359958	0.408691059	0.136769214	0.001861895	0.194732284	0.000260656	0.004951879	0.055011648
0.007410981	0.093823956	0.059734163	0.485939159	0.13920215	0.003227217	0.179068575	0.002668665	0.005450916	0.023474218
0.006032807	0.096872502	0.068221672	0.514644242	0.143676377	0.002317172	0.147246798	0.00385951	0.003116222	0.014012699
0.00625942	0.114731418	0.077051296	0.504551333	0.137672913	0.002212196	0.13771866	0.005500846	0.002090432	0.012211487
0.005776985	0.147635043	0.08958316	0.484418824	0.12501674	0.002530741	0.125715958	0.005649072	0.001566128	0.012107348
0.005117123	0.173567992	0.101658951	0.457523981	0.109151204	0.002380782	0.128929071	0.005754142	0.001392648	0.014524105
0.005234364	0.193073732	0.111691312	0.43782934	0.095214078	0.002931279	0.131444952	0.00623986	0.001526613	0.01481447
0.005090542	0.211471166	0.121660528	0.418344312	0.082872214	0.003539514	0.13429552	0.006559459	0.001747484	0.014419261
0.004887414	0.221499075	0.128514486	0.39714856	0.07249516	0.004108876	0.146287655	0.007086442	0.002034249	0.015938084
0.005380974	0.230652443	0.134645151	0.378111102	0.064325811	0.005492956	0.155038049	0.007977983	0.002497414	0.015878118
0.00527249	0.238290706	0.142578545	0.361306613	0.057777121	0.00614515	0.162451449	0.008440166	0.002805028	0.014932734
0.005406722	0.240387896	0.143915768	0.341522223	0.051469221	0.00676391	0.180761775	0.009581543	0.003338036	0.016852907
0.006357468	0.241468227	0.145789945	0.323710977	0.046746329	0.008470453	0.194831194	0.011328738	0.004127566	0.017169103
0.00650086	0.242730073	0.149513858	0.304280961	0.042719517	0.009569689	0.210792934	0.012445183	0.004697267	0.016749658
0.006378217	0.241963656	0.152168509	0.287141868	0.038954332	0.010498648	0.227815238	0.013326585	0.004930081	0.016822866
0.006660937	0.243671128	0.153419658	0.272519431	0.036130792	0.011580936	0.240162183	0.014070177	0.005002897	0.01678186
0.006543152	0.244015059	0.156135488	0.259624513	0.033626569	0.012285032	0.252234123	0.014536082	0.004957696	0.016042287
0.006408241	0.24450001	0.155154429	0.245450686	0.03114909	0.01306114	0.268361144	0.014628876	0.004766602	0.016519784
0.006569582	0.242955314	0.154481504	0.232854618	0.029012194	0.014355293	0.283946342	0.014853494	0.00448416	0.0164875
0.00655928	0.241714691	0.153467709	0.221123409	0.026990701	0.015295188	0.29965393	0.014586724	0.004145678	0.016462688
0.006532585	0.237342429	0.152985172	0.210666348	0.025158518	0.015596467	0.316351493	0.014856865	0.004038264	0.016471859
0.006796285	0.236018566	0.152878618	0.202280784	0.02355483	0.015782152	0.326999094	0.015046342	0.004016852	0.016626476
0.0064909	0.235417534	0.156755414	0.196194468	0.022253676	0.016254611	0.332322656	0.015160238	0.003979054	0.015171449
0.006055676	0.238525002	0.160788494	0.193838118	0.021292177	0.0152773	0.330202699	0.015246136	0.004009471	0.014764928
0.005903327	0.243753356	0.165356541	0.192692252	0.020397373	0.014470023	0.324616381	0.015130198	0.003971078	0.013709471
0.005315713	0.253186922	0.171980822	0.192984697	0.019911597	0.013775263	0.311650979	0.014789692	0.003963609	0.012440706
0.004917971	0.256509056	0.16629424	0.185278013	0.018825007	0.01384762	0.322265366	0.014325656	0.003651204	0.014085867
0.00475156	0.266514365	0.172476085	0.184801951	0.018408432	0.015304694	0.309241891	0.013282994	0.003500857	0.01171717
0.003443721	0.275160012	0.181667558	0.185705181	0.017967439	0.011817579	0.299191379	0.010697361	0.002985465	0.011364305
0.004066472	0.293723847	0.185169321	0.191526207	0.017852247	0.010307128	0.272798464	0.011089062	0.002671089	0.010796163
