% set up max and min matrices

pmin=[0.00001,
0.1,
0.00001,
0.1,
0.000001,
0.37,
0.18,
0.05,
50,
400,
0,
2,
0.1,
8,
0.3,
2000,
0.5,
0,
2,
0.1,
8,
400,
0.1,
0.01]; 

pmax=[0.1,
0.3,
0.1,
10,
0.1,
0.65,
0.37,
0.18,
399,
1500,
1,
12,
3,
25,
2.5,
6000,
1,
1,
12,
0.3,
25,
1000,
0.35,
0.3];